
DETFLUX_N = [
    1    1    1    1     1     1     1    1    1    1  7.47091E+14 0.05325 
    2    1    1    1     1     1     1    1    1    2  7.23028E+14 0.05447 
    3    1    1    1     1     1     1    1    1    3  9.04664E+14 0.04438 
    4    1    1    1     1     1     1    1    1    4  8.46618E+14 0.04895 
    5    1    1    1     1     1     1    1    1    5  1.13502E+15 0.04435 
    6    1    1    1     1     1     1    1    1    6  1.25283E+15 0.04027 
    7    1    1    1     1     1     1    1    1    7  1.37426E+15 0.03848 
    8    1    1    1     1     1     1    1    1    8  1.35523E+15 0.04060 
    9    1    1    1     1     1     1    1    1    9  1.55878E+15 0.03479 
   10    1    1    1     1     1     1    1    1   10  1.45056E+15 0.03973 
   11    1    1    1     1     1     1    1    1   11  1.44858E+15 0.04026 
   12    1    1    1     1     1     1    1    1   12  1.48612E+15 0.03908 
   13    1    1    1     1     1     1    1    1   13  1.70134E+15 0.03243 
   14    1    1    1     1     1     1    1    1   14  1.65832E+15 0.03649 
   15    1    1    1     1     1     1    1    1   15  1.63549E+15 0.03383 
   16    1    1    1     1     1     1    1    1   16  1.83017E+15 0.03215 
   17    1    1    1     1     1     1    1    1   17  1.93794E+15 0.03073 
   18    1    1    1     1     1     1    1    1   18  2.06757E+15 0.03118 
   19    1    1    1     1     1     1    1    1   19  2.24604E+15 0.03130 
   20    1    1    1     1     1     1    1    1   20  2.20984E+15 0.02981 
   21    1    1    1     1     1     1    1    1   21  2.03274E+15 0.03043 
   22    1    1    1     1     1     1    1    1   22  2.05118E+15 0.03271 
   23    1    1    1     1     1     1    1    1   23  2.16117E+15 0.03237 
   24    1    1    1     1     1     1    1    1   24  2.07050E+15 0.03113 
   25    1    1    1     1     1     1    1    1   25  2.32861E+15 0.02952 
   26    1    1    1     1     1     1    1    1   26  2.48577E+15 0.02713 
   27    1    1    1     1     1     1    1    1   27  2.60068E+15 0.02695 
   28    1    1    1     1     1     1    1    1   28  2.73649E+15 0.02678 
   29    1    1    1     1     1     1    1    1   29  2.52412E+15 0.02832 
   30    1    1    1     1     1     1    1    1   30  2.45752E+15 0.03140 
   31    1    1    1     1     1     1    1    1   31  2.41493E+15 0.02748 
   32    1    1    1     1     1     1    1    1   32  2.36735E+15 0.02926 
   33    1    1    1     1     1     1    1    1   33  2.40695E+15 0.03127 
   34    1    1    1     1     1     1    1    1   34  2.43841E+15 0.02967 
   35    1    1    1     1     1     1    1    1   35  2.49753E+15 0.03177 
   36    1    1    1     1     1     1    1    1   36  2.61397E+15 0.02978 
   37    1    1    1     1     1     1    1    1   37  2.58216E+15 0.02975 
   38    1    1    1     1     1     1    1    1   38  2.56705E+15 0.02602 
   39    1    1    1     1     1     1    1    1   39  2.62029E+15 0.02969 
   40    1    1    1     1     1     1    1    1   40  2.42327E+15 0.02816 
   41    1    1    1     1     1     1    1    1   41  2.63333E+15 0.02721 
   42    1    1    1     1     1     1    1    1   42  2.67367E+15 0.02744 
   43    1    1    1     1     1     1    1    1   43  2.59697E+15 0.02902 
   44    1    1    1     1     1     1    1    1   44  2.84744E+15 0.02646 
   45    1    1    1     1     1     1    1    1   45  2.75671E+15 0.02691 
   46    1    1    1     1     1     1    1    1   46  2.89830E+15 0.02785 
   47    1    1    1     1     1     1    1    1   47  2.91200E+15 0.02689 
   48    1    1    1     1     1     1    1    1   48  2.86794E+15 0.02620 
   49    1    1    1     1     1     1    1    1   49  2.63486E+15 0.02918 
   50    1    1    1     1     1     1    1    1   50  2.78484E+15 0.02623 
   51    1    1    1     1     1     1    1    1   51  2.79126E+15 0.02801 
   52    1    1    1     1     1     1    1    1   52  2.71239E+15 0.02917 
   53    1    1    1     1     1     1    1    1   53  2.87732E+15 0.02827 
   54    1    1    1     1     1     1    1    1   54  2.97929E+15 0.02671 
   55    1    1    1     1     1     1    1    1   55  3.10603E+15 0.02590 
   56    1    1    1     1     1     1    1    1   56  3.10051E+15 0.02541 
   57    1    1    1     1     1     1    1    1   57  2.99768E+15 0.02585 
   58    1    1    1     1     1     1    1    1   58  2.79640E+15 0.02875 
   59    1    1    1     1     1     1    1    1   59  2.76809E+15 0.02483 
   60    1    1    1     1     1     1    1    1   60  2.69461E+15 0.02900 
   61    1    1    1     1     1     1    1    1   61  2.70878E+15 0.02741 
   62    1    1    1     1     1     1    1    1   62  2.81711E+15 0.02606 
   63    1    1    1     1     1     1    1    1   63  2.87002E+15 0.02695 
   64    1    1    1     1     1     1    1    1   64  3.01140E+15 0.02732 
   65    1    1    1     1     1     1    1    1   65  2.89190E+15 0.02814 
   66    1    1    1     1     1     1    1    1   66  2.79682E+15 0.02894 
   67    1    1    1     1     1     1    1    1   67  2.76037E+15 0.02918 
   68    1    1    1     1     1     1    1    1   68  2.73938E+15 0.02770 
   69    1    1    1     1     1     1    1    1   69  2.74159E+15 0.02800 
   70    1    1    1     1     1     1    1    1   70  2.84479E+15 0.02605 
   71    1    1    1     1     1     1    1    1   71  2.81094E+15 0.02832 
   72    1    1    1     1     1     1    1    1   72  2.98697E+15 0.02606 
   73    1    1    1     1     1     1    1    1   73  3.10397E+15 0.02580 
   74    1    1    1     1     1     1    1    1   74  3.14894E+15 0.02781 
   75    1    1    1     1     1     1    1    1   75  3.02962E+15 0.02521 
   76    1    1    1     1     1     1    1    1   76  2.86879E+15 0.02725 
   77    1    1    1     1     1     1    1    1   77  2.83465E+15 0.02797 
   78    1    1    1     1     1     1    1    1   78  2.77784E+15 0.02751 
   79    1    1    1     1     1     1    1    1   79  2.69472E+15 0.02641 
   80    1    1    1     1     1     1    1    1   80  2.53631E+15 0.02667 
   81    1    1    1     1     1     1    1    1   81  2.88828E+15 0.02486 
   82    1    1    1     1     1     1    1    1   82  2.99757E+15 0.02690 
   83    1    1    1     1     1     1    1    1   83  2.79413E+15 0.02786 
   84    1    1    1     1     1     1    1    1   84  2.80360E+15 0.02604 
   85    1    1    1     1     1     1    1    1   85  2.57433E+15 0.02797 
   86    1    1    1     1     1     1    1    1   86  2.26666E+15 0.02875 
   87    1    1    1     1     1     1    1    1   87  2.36214E+15 0.02965 
   88    1    1    1     1     1     1    1    1   88  2.23572E+15 0.02966 
   89    1    1    1     1     1     1    1    1   89  2.26263E+15 0.02811 
   90    1    1    1     1     1     1    1    1   90  2.45090E+15 0.03132 
   91    1    1    1     1     1     1    1    1   91  2.42707E+15 0.02935 
   92    1    1    1     1     1     1    1    1   92  2.38151E+15 0.02866 
   93    1    1    1     1     1     1    1    1   93  2.23027E+15 0.03243 
   94    1    1    1     1     1     1    1    1   94  2.20442E+15 0.03182 
   95    1    1    1     1     1     1    1    1   95  1.95323E+15 0.03173 
   96    1    1    1     1     1     1    1    1   96  1.98181E+15 0.03101 
   97    1    1    1     1     1     1    1    1   97  1.89006E+15 0.03549 
   98    1    1    1     1     1     1    1    1   98  1.85659E+15 0.03383 
   99    1    1    1     1     1     1    1    1   99  1.75582E+15 0.03180 
  100    1    1    1     1     1     1    1    1  100  1.68445E+15 0.03340 
  101    1    1    1     1     1     1    1    1  101  1.68029E+15 0.03692 
  102    1    1    1     1     1     1    1    1  102  1.52632E+15 0.03651 
  103    1    1    1     1     1     1    1    1  103  1.57373E+15 0.03980 
  104    1    1    1     1     1     1    1    1  104  1.30571E+15 0.04385 
  105    1    1    1     1     1     1    1    1  105  1.04731E+15 0.04601 
