
DETFLUX_N = [
    1    1    1    1     1     1     1    1    1    1  8.29894E+14 0.04866 
    2    1    1    1     1     1     1    1    1    2  8.26197E+14 0.05021 
    3    1    1    1     1     1     1    1    1    3  8.95254E+14 0.04738 
    4    1    1    1     1     1     1    1    1    4  1.07700E+15 0.04502 
    5    1    1    1     1     1     1    1    1    5  1.27372E+15 0.04182 
    6    1    1    1     1     1     1    1    1    6  1.27120E+15 0.04436 
    7    1    1    1     1     1     1    1    1    7  1.42952E+15 0.04001 
    8    1    1    1     1     1     1    1    1    8  1.45541E+15 0.03583 
    9    1    1    1     1     1     1    1    1    9  1.61233E+15 0.03813 
   10    1    1    1     1     1     1    1    1   10  1.64291E+15 0.04163 
   11    1    1    1     1     1     1    1    1   11  1.63759E+15 0.03861 
   12    1    1    1     1     1     1    1    1   12  1.68122E+15 0.03614 
   13    1    1    1     1     1     1    1    1   13  1.84315E+15 0.03262 
   14    1    1    1     1     1     1    1    1   14  1.83327E+15 0.03339 
   15    1    1    1     1     1     1    1    1   15  1.90765E+15 0.02896 
   16    1    1    1     1     1     1    1    1   16  2.02101E+15 0.03366 
   17    1    1    1     1     1     1    1    1   17  2.18120E+15 0.03121 
   18    1    1    1     1     1     1    1    1   18  2.29401E+15 0.03229 
   19    1    1    1     1     1     1    1    1   19  2.25124E+15 0.03076 
   20    1    1    1     1     1     1    1    1   20  2.32963E+15 0.03014 
   21    1    1    1     1     1     1    1    1   21  2.24720E+15 0.03252 
   22    1    1    1     1     1     1    1    1   22  2.23598E+15 0.03284 
   23    1    1    1     1     1     1    1    1   23  2.30349E+15 0.03027 
   24    1    1    1     1     1     1    1    1   24  2.19212E+15 0.03123 
   25    1    1    1     1     1     1    1    1   25  2.49783E+15 0.03043 
   26    1    1    1     1     1     1    1    1   26  2.64919E+15 0.02796 
   27    1    1    1     1     1     1    1    1   27  2.78249E+15 0.02848 
   28    1    1    1     1     1     1    1    1   28  2.78109E+15 0.03042 
   29    1    1    1     1     1     1    1    1   29  2.81028E+15 0.02920 
   30    1    1    1     1     1     1    1    1   30  2.62368E+15 0.03083 
   31    1    1    1     1     1     1    1    1   31  2.44399E+15 0.02995 
   32    1    1    1     1     1     1    1    1   32  2.56591E+15 0.02934 
   33    1    1    1     1     1     1    1    1   33  2.61591E+15 0.02777 
   34    1    1    1     1     1     1    1    1   34  2.61318E+15 0.03124 
   35    1    1    1     1     1     1    1    1   35  2.71907E+15 0.02882 
   36    1    1    1     1     1     1    1    1   36  2.88512E+15 0.02785 
   37    1    1    1     1     1     1    1    1   37  2.80668E+15 0.02725 
   38    1    1    1     1     1     1    1    1   38  3.06437E+15 0.02799 
   39    1    1    1     1     1     1    1    1   39  2.66105E+15 0.02894 
   40    1    1    1     1     1     1    1    1   40  2.68543E+15 0.02998 
   41    1    1    1     1     1     1    1    1   41  2.84111E+15 0.02948 
   42    1    1    1     1     1     1    1    1   42  2.74462E+15 0.02759 
   43    1    1    1     1     1     1    1    1   43  2.84638E+15 0.02675 
   44    1    1    1     1     1     1    1    1   44  2.99211E+15 0.02641 
   45    1    1    1     1     1     1    1    1   45  3.25180E+15 0.02630 
   46    1    1    1     1     1     1    1    1   46  3.28109E+15 0.02606 
   47    1    1    1     1     1     1    1    1   47  3.06628E+15 0.02691 
   48    1    1    1     1     1     1    1    1   48  3.17899E+15 0.02739 
   49    1    1    1     1     1     1    1    1   49  2.83968E+15 0.03006 
   50    1    1    1     1     1     1    1    1   50  2.96424E+15 0.02870 
   51    1    1    1     1     1     1    1    1   51  2.99301E+15 0.02568 
   52    1    1    1     1     1     1    1    1   52  2.99337E+15 0.02827 
   53    1    1    1     1     1     1    1    1   53  3.04611E+15 0.02817 
   54    1    1    1     1     1     1    1    1   54  3.17809E+15 0.02642 
   55    1    1    1     1     1     1    1    1   55  3.15895E+15 0.02705 
   56    1    1    1     1     1     1    1    1   56  3.12598E+15 0.02587 
   57    1    1    1     1     1     1    1    1   57  3.07611E+15 0.02693 
   58    1    1    1     1     1     1    1    1   58  2.89553E+15 0.02457 
   59    1    1    1     1     1     1    1    1   59  3.00581E+15 0.02631 
   60    1    1    1     1     1     1    1    1   60  2.91861E+15 0.02993 
   61    1    1    1     1     1     1    1    1   61  2.85431E+15 0.02773 
   62    1    1    1     1     1     1    1    1   62  2.89479E+15 0.02675 
   63    1    1    1     1     1     1    1    1   63  3.23221E+15 0.02444 
   64    1    1    1     1     1     1    1    1   64  3.18133E+15 0.02566 
   65    1    1    1     1     1     1    1    1   65  3.08751E+15 0.02718 
   66    1    1    1     1     1     1    1    1   66  3.21477E+15 0.02440 
   67    1    1    1     1     1     1    1    1   67  2.84709E+15 0.03052 
   68    1    1    1     1     1     1    1    1   68  2.76046E+15 0.02651 
   69    1    1    1     1     1     1    1    1   69  2.95761E+15 0.02901 
   70    1    1    1     1     1     1    1    1   70  3.05340E+15 0.02636 
   71    1    1    1     1     1     1    1    1   71  3.09664E+15 0.02640 
   72    1    1    1     1     1     1    1    1   72  3.33136E+15 0.02571 
   73    1    1    1     1     1     1    1    1   73  3.46302E+15 0.02579 
   74    1    1    1     1     1     1    1    1   74  3.25998E+15 0.02618 
   75    1    1    1     1     1     1    1    1   75  3.17328E+15 0.02829 
   76    1    1    1     1     1     1    1    1   76  2.91800E+15 0.02759 
   77    1    1    1     1     1     1    1    1   77  2.66573E+15 0.02739 
   78    1    1    1     1     1     1    1    1   78  2.88683E+15 0.02689 
   79    1    1    1     1     1     1    1    1   79  2.77721E+15 0.02845 
   80    1    1    1     1     1     1    1    1   80  2.78211E+15 0.02795 
   81    1    1    1     1     1     1    1    1   81  2.96313E+15 0.02669 
   82    1    1    1     1     1     1    1    1   82  2.94412E+15 0.02651 
   83    1    1    1     1     1     1    1    1   83  3.02921E+15 0.02822 
   84    1    1    1     1     1     1    1    1   84  2.82025E+15 0.02677 
   85    1    1    1     1     1     1    1    1   85  2.70703E+15 0.03161 
   86    1    1    1     1     1     1    1    1   86  2.44342E+15 0.03033 
   87    1    1    1     1     1     1    1    1   87  2.38669E+15 0.03347 
   88    1    1    1     1     1     1    1    1   88  2.23789E+15 0.03047 
   89    1    1    1     1     1     1    1    1   89  2.37075E+15 0.02868 
   90    1    1    1     1     1     1    1    1   90  2.29162E+15 0.03255 
   91    1    1    1     1     1     1    1    1   91  2.28160E+15 0.03525 
   92    1    1    1     1     1     1    1    1   92  2.28044E+15 0.03214 
   93    1    1    1     1     1     1    1    1   93  2.20944E+15 0.03174 
   94    1    1    1     1     1     1    1    1   94  2.09405E+15 0.03225 
   95    1    1    1     1     1     1    1    1   95  1.89886E+15 0.03487 
   96    1    1    1     1     1     1    1    1   96  1.90447E+15 0.03230 
   97    1    1    1     1     1     1    1    1   97  1.84178E+15 0.03267 
   98    1    1    1     1     1     1    1    1   98  1.78420E+15 0.03625 
   99    1    1    1     1     1     1    1    1   99  1.77393E+15 0.03288 
  100    1    1    1     1     1     1    1    1  100  1.71436E+15 0.03678 
  101    1    1    1     1     1     1    1    1  101  1.43925E+15 0.03622 
  102    1    1    1     1     1     1    1    1  102  1.42907E+15 0.03938 
  103    1    1    1     1     1     1    1    1  103  1.57328E+15 0.04089 
  104    1    1    1     1     1     1    1    1  104  1.16416E+15 0.04445 
  105    1    1    1     1     1     1    1    1  105  8.30556E+14 0.05219 
