
DETFLUX_N = [
    1    1    1    1     1     1     1    1    1    1  5.99509E+14 0.05132 
    2    1    1    1     1     1     1    1    1    2  5.90777E+14 0.05403 
    3    1    1    1     1     1     1    1    1    3  6.80369E+14 0.05034 
    4    1    1    1     1     1     1    1    1    4  8.25204E+14 0.04816 
    5    1    1    1     1     1     1    1    1    5  9.12877E+14 0.04508 
    6    1    1    1     1     1     1    1    1    6  8.86377E+14 0.05131 
    7    1    1    1     1     1     1    1    1    7  1.06274E+15 0.04383 
    8    1    1    1     1     1     1    1    1    8  1.07117E+15 0.04088 
    9    1    1    1     1     1     1    1    1    9  1.12992E+15 0.04248 
   10    1    1    1     1     1     1    1    1   10  1.13776E+15 0.04134 
   11    1    1    1     1     1     1    1    1   11  1.12194E+15 0.03933 
   12    1    1    1     1     1     1    1    1   12  1.13775E+15 0.04124 
   13    1    1    1     1     1     1    1    1   13  1.20866E+15 0.04287 
   14    1    1    1     1     1     1    1    1   14  1.29807E+15 0.04042 
   15    1    1    1     1     1     1    1    1   15  1.24915E+15 0.03764 
   16    1    1    1     1     1     1    1    1   16  1.41767E+15 0.03597 
   17    1    1    1     1     1     1    1    1   17  1.49867E+15 0.03101 
   18    1    1    1     1     1     1    1    1   18  1.54854E+15 0.03426 
   19    1    1    1     1     1     1    1    1   19  1.69743E+15 0.03547 
   20    1    1    1     1     1     1    1    1   20  1.62986E+15 0.03591 
   21    1    1    1     1     1     1    1    1   21  1.69017E+15 0.03319 
   22    1    1    1     1     1     1    1    1   22  1.67264E+15 0.03510 
   23    1    1    1     1     1     1    1    1   23  1.64692E+15 0.03208 
   24    1    1    1     1     1     1    1    1   24  1.68512E+15 0.03196 
   25    1    1    1     1     1     1    1    1   25  1.84943E+15 0.03116 
   26    1    1    1     1     1     1    1    1   26  1.94473E+15 0.03334 
   27    1    1    1     1     1     1    1    1   27  1.98148E+15 0.03313 
   28    1    1    1     1     1     1    1    1   28  2.09401E+15 0.03028 
   29    1    1    1     1     1     1    1    1   29  2.18854E+15 0.03092 
   30    1    1    1     1     1     1    1    1   30  1.90117E+15 0.03017 
   31    1    1    1     1     1     1    1    1   31  1.84968E+15 0.03174 
   32    1    1    1     1     1     1    1    1   32  1.94967E+15 0.02935 
   33    1    1    1     1     1     1    1    1   33  1.88480E+15 0.03161 
   34    1    1    1     1     1     1    1    1   34  1.87846E+15 0.03268 
   35    1    1    1     1     1     1    1    1   35  2.09409E+15 0.03044 
   36    1    1    1     1     1     1    1    1   36  2.05743E+15 0.03116 
   37    1    1    1     1     1     1    1    1   37  2.12242E+15 0.03120 
   38    1    1    1     1     1     1    1    1   38  2.10481E+15 0.03040 
   39    1    1    1     1     1     1    1    1   39  2.07245E+15 0.03308 
   40    1    1    1     1     1     1    1    1   40  2.06581E+15 0.03240 
   41    1    1    1     1     1     1    1    1   41  2.04705E+15 0.02883 
   42    1    1    1     1     1     1    1    1   42  2.07076E+15 0.03086 
   43    1    1    1     1     1     1    1    1   43  2.16519E+15 0.02726 
   44    1    1    1     1     1     1    1    1   44  2.38942E+15 0.03044 
   45    1    1    1     1     1     1    1    1   45  2.50489E+15 0.02579 
   46    1    1    1     1     1     1    1    1   46  2.37967E+15 0.02857 
   47    1    1    1     1     1     1    1    1   47  2.36339E+15 0.02717 
   48    1    1    1     1     1     1    1    1   48  2.38762E+15 0.02831 
   49    1    1    1     1     1     1    1    1   49  2.18040E+15 0.03027 
   50    1    1    1     1     1     1    1    1   50  2.25117E+15 0.02889 
   51    1    1    1     1     1     1    1    1   51  2.36764E+15 0.02870 
   52    1    1    1     1     1     1    1    1   52  2.14620E+15 0.02870 
   53    1    1    1     1     1     1    1    1   53  2.46403E+15 0.02755 
   54    1    1    1     1     1     1    1    1   54  2.63896E+15 0.02695 
   55    1    1    1     1     1     1    1    1   55  2.63439E+15 0.02665 
   56    1    1    1     1     1     1    1    1   56  2.63524E+15 0.02907 
   57    1    1    1     1     1     1    1    1   57  2.41257E+15 0.02825 
   58    1    1    1     1     1     1    1    1   58  2.25225E+15 0.02912 
   59    1    1    1     1     1     1    1    1   59  2.40116E+15 0.02820 
   60    1    1    1     1     1     1    1    1   60  2.33181E+15 0.02668 
   61    1    1    1     1     1     1    1    1   61  2.34622E+15 0.03032 
   62    1    1    1     1     1     1    1    1   62  2.39631E+15 0.02520 
   63    1    1    1     1     1     1    1    1   63  2.43744E+15 0.02841 
   64    1    1    1     1     1     1    1    1   64  2.60484E+15 0.02730 
   65    1    1    1     1     1     1    1    1   65  2.73546E+15 0.02611 
   66    1    1    1     1     1     1    1    1   66  2.55024E+15 0.02699 
   67    1    1    1     1     1     1    1    1   67  2.41434E+15 0.02808 
   68    1    1    1     1     1     1    1    1   68  2.53808E+15 0.02549 
   69    1    1    1     1     1     1    1    1   69  2.38876E+15 0.02861 
   70    1    1    1     1     1     1    1    1   70  2.56599E+15 0.02534 
   71    1    1    1     1     1     1    1    1   71  2.62795E+15 0.02668 
   72    1    1    1     1     1     1    1    1   72  2.86952E+15 0.02683 
   73    1    1    1     1     1     1    1    1   73  2.89187E+15 0.02503 
   74    1    1    1     1     1     1    1    1   74  2.90850E+15 0.02603 
   75    1    1    1     1     1     1    1    1   75  2.79021E+15 0.02593 
   76    1    1    1     1     1     1    1    1   76  2.70282E+15 0.02643 
   77    1    1    1     1     1     1    1    1   77  2.68161E+15 0.02612 
   78    1    1    1     1     1     1    1    1   78  2.60216E+15 0.02730 
   79    1    1    1     1     1     1    1    1   79  2.68882E+15 0.02767 
   80    1    1    1     1     1     1    1    1   80  2.55720E+15 0.02967 
   81    1    1    1     1     1     1    1    1   81  2.77984E+15 0.02414 
   82    1    1    1     1     1     1    1    1   82  2.89440E+15 0.02490 
   83    1    1    1     1     1     1    1    1   83  2.85175E+15 0.02531 
   84    1    1    1     1     1     1    1    1   84  2.75690E+15 0.02667 
   85    1    1    1     1     1     1    1    1   85  2.72940E+15 0.02485 
   86    1    1    1     1     1     1    1    1   86  2.46514E+15 0.02836 
   87    1    1    1     1     1     1    1    1   87  2.39236E+15 0.02418 
   88    1    1    1     1     1     1    1    1   88  2.55036E+15 0.02956 
   89    1    1    1     1     1     1    1    1   89  2.35817E+15 0.02734 
   90    1    1    1     1     1     1    1    1   90  2.62108E+15 0.02621 
   91    1    1    1     1     1     1    1    1   91  2.69695E+15 0.02488 
   92    1    1    1     1     1     1    1    1   92  2.71048E+15 0.02498 
   93    1    1    1     1     1     1    1    1   93  2.47346E+15 0.02793 
   94    1    1    1     1     1     1    1    1   94  2.45932E+15 0.02799 
   95    1    1    1     1     1     1    1    1   95  2.18225E+15 0.02768 
   96    1    1    1     1     1     1    1    1   96  2.06078E+15 0.03016 
   97    1    1    1     1     1     1    1    1   97  1.93141E+15 0.03236 
   98    1    1    1     1     1     1    1    1   98  1.64521E+15 0.03754 
   99    1    1    1     1     1     1    1    1   99  1.66322E+15 0.03401 
  100    1    1    1     1     1     1    1    1  100  1.58439E+15 0.03426 
  101    1    1    1     1     1     1    1    1  101  1.72802E+15 0.03730 
  102    1    1    1     1     1     1    1    1  102  1.60626E+15 0.03894 
  103    1    1    1     1     1     1    1    1  103  1.51748E+15 0.03887 
  104    1    1    1     1     1     1    1    1  104  3.36003E+15 0.02376 
  105    1    1    1     1     1     1    1    1  105  4.95581E+15 0.02078 
