
DETFLUX_N = [
    1    1    1    1     1     1     1    1    1    1  8.56455E+14 0.05332 
    2    1    1    1     1     1     1    1    1    2  9.60425E+14 0.05102 
    3    1    1    1     1     1     1    1    1    3  9.69646E+14 0.05399 
    4    1    1    1     1     1     1    1    1    4  1.03574E+15 0.05122 
    5    1    1    1     1     1     1    1    1    5  1.28474E+15 0.03898 
    6    1    1    1     1     1     1    1    1    6  1.36415E+15 0.03972 
    7    1    1    1     1     1     1    1    1    7  1.45312E+15 0.04724 
    8    1    1    1     1     1     1    1    1    8  1.53031E+15 0.03995 
    9    1    1    1     1     1     1    1    1    9  1.56596E+15 0.03779 
   10    1    1    1     1     1     1    1    1   10  1.66214E+15 0.03546 
   11    1    1    1     1     1     1    1    1   11  1.75706E+15 0.03923 
   12    1    1    1     1     1     1    1    1   12  1.72167E+15 0.03434 
   13    1    1    1     1     1     1    1    1   13  1.72930E+15 0.03334 
   14    1    1    1     1     1     1    1    1   14  1.93748E+15 0.03091 
   15    1    1    1     1     1     1    1    1   15  1.94892E+15 0.03353 
   16    1    1    1     1     1     1    1    1   16  2.21397E+15 0.03275 
   17    1    1    1     1     1     1    1    1   17  2.20168E+15 0.03544 
   18    1    1    1     1     1     1    1    1   18  2.27412E+15 0.03033 
   19    1    1    1     1     1     1    1    1   19  2.33364E+15 0.03452 
   20    1    1    1     1     1     1    1    1   20  2.22257E+15 0.03250 
   21    1    1    1     1     1     1    1    1   21  2.26928E+15 0.03152 
   22    1    1    1     1     1     1    1    1   22  2.45083E+15 0.03046 
   23    1    1    1     1     1     1    1    1   23  2.36361E+15 0.03330 
   24    1    1    1     1     1     1    1    1   24  2.37008E+15 0.03110 
   25    1    1    1     1     1     1    1    1   25  2.45677E+15 0.03136 
   26    1    1    1     1     1     1    1    1   26  2.78681E+15 0.02769 
   27    1    1    1     1     1     1    1    1   27  2.92961E+15 0.02908 
   28    1    1    1     1     1     1    1    1   28  2.90826E+15 0.02950 
   29    1    1    1     1     1     1    1    1   29  2.80335E+15 0.03050 
   30    1    1    1     1     1     1    1    1   30  2.65417E+15 0.02996 
   31    1    1    1     1     1     1    1    1   31  2.64737E+15 0.02978 
   32    1    1    1     1     1     1    1    1   32  2.71849E+15 0.03087 
   33    1    1    1     1     1     1    1    1   33  2.55696E+15 0.03147 
   34    1    1    1     1     1     1    1    1   34  2.66412E+15 0.02782 
   35    1    1    1     1     1     1    1    1   35  2.93942E+15 0.02548 
   36    1    1    1     1     1     1    1    1   36  2.84278E+15 0.02995 
   37    1    1    1     1     1     1    1    1   37  2.98470E+15 0.02986 
   38    1    1    1     1     1     1    1    1   38  2.87361E+15 0.02850 
   39    1    1    1     1     1     1    1    1   39  2.86634E+15 0.02797 
   40    1    1    1     1     1     1    1    1   40  2.86140E+15 0.02775 
   41    1    1    1     1     1     1    1    1   41  2.98424E+15 0.02884 
   42    1    1    1     1     1     1    1    1   42  3.00198E+15 0.02498 
   43    1    1    1     1     1     1    1    1   43  2.90041E+15 0.03167 
   44    1    1    1     1     1     1    1    1   44  3.29539E+15 0.02631 
   45    1    1    1     1     1     1    1    1   45  3.22711E+15 0.02603 
   46    1    1    1     1     1     1    1    1   46  3.18660E+15 0.02667 
   47    1    1    1     1     1     1    1    1   47  3.32754E+15 0.02651 
   48    1    1    1     1     1     1    1    1   48  3.19951E+15 0.02615 
   49    1    1    1     1     1     1    1    1   49  2.91398E+15 0.02618 
   50    1    1    1     1     1     1    1    1   50  3.03845E+15 0.02670 
   51    1    1    1     1     1     1    1    1   51  3.12206E+15 0.02628 
   52    1    1    1     1     1     1    1    1   52  2.89153E+15 0.02671 
   53    1    1    1     1     1     1    1    1   53  3.29251E+15 0.02637 
   54    1    1    1     1     1     1    1    1   54  3.28981E+15 0.02820 
   55    1    1    1     1     1     1    1    1   55  3.45440E+15 0.02588 
   56    1    1    1     1     1     1    1    1   56  3.31445E+15 0.02660 
   57    1    1    1     1     1     1    1    1   57  3.19287E+15 0.02614 
   58    1    1    1     1     1     1    1    1   58  2.96121E+15 0.02660 
   59    1    1    1     1     1     1    1    1   59  3.05355E+15 0.02838 
   60    1    1    1     1     1     1    1    1   60  3.03763E+15 0.02776 
   61    1    1    1     1     1     1    1    1   61  3.01572E+15 0.02763 
   62    1    1    1     1     1     1    1    1   62  3.08163E+15 0.02795 
   63    1    1    1     1     1     1    1    1   63  3.01106E+15 0.02595 
   64    1    1    1     1     1     1    1    1   64  3.09913E+15 0.02781 
   65    1    1    1     1     1     1    1    1   65  3.14260E+15 0.02558 
   66    1    1    1     1     1     1    1    1   66  3.03151E+15 0.02501 
   67    1    1    1     1     1     1    1    1   67  2.95385E+15 0.02708 
   68    1    1    1     1     1     1    1    1   68  2.94883E+15 0.02810 
   69    1    1    1     1     1     1    1    1   69  3.11611E+15 0.02835 
   70    1    1    1     1     1     1    1    1   70  2.97685E+15 0.02606 
   71    1    1    1     1     1     1    1    1   71  2.95496E+15 0.02761 
   72    1    1    1     1     1     1    1    1   72  3.18554E+15 0.02595 
   73    1    1    1     1     1     1    1    1   73  3.26865E+15 0.02920 
   74    1    1    1     1     1     1    1    1   74  3.27042E+15 0.02747 
   75    1    1    1     1     1     1    1    1   75  3.21965E+15 0.02591 
   76    1    1    1     1     1     1    1    1   76  3.07563E+15 0.02710 
   77    1    1    1     1     1     1    1    1   77  2.95475E+15 0.02743 
   78    1    1    1     1     1     1    1    1   78  2.81007E+15 0.02710 
   79    1    1    1     1     1     1    1    1   79  2.70370E+15 0.02510 
   80    1    1    1     1     1     1    1    1   80  2.64794E+15 0.02910 
   81    1    1    1     1     1     1    1    1   81  2.85749E+15 0.02989 
   82    1    1    1     1     1     1    1    1   82  3.05967E+15 0.02778 
   83    1    1    1     1     1     1    1    1   83  2.98506E+15 0.02737 
   84    1    1    1     1     1     1    1    1   84  2.78739E+15 0.02941 
   85    1    1    1     1     1     1    1    1   85  2.65356E+15 0.02981 
   86    1    1    1     1     1     1    1    1   86  2.37548E+15 0.03021 
   87    1    1    1     1     1     1    1    1   87  2.51993E+15 0.03139 
   88    1    1    1     1     1     1    1    1   88  2.25251E+15 0.03120 
   89    1    1    1     1     1     1    1    1   89  2.27140E+15 0.03320 
   90    1    1    1     1     1     1    1    1   90  2.29905E+15 0.03135 
   91    1    1    1     1     1     1    1    1   91  2.37295E+15 0.02863 
   92    1    1    1     1     1     1    1    1   92  2.35753E+15 0.02980 
   93    1    1    1     1     1     1    1    1   93  2.18153E+15 0.03309 
   94    1    1    1     1     1     1    1    1   94  2.17793E+15 0.03426 
   95    1    1    1     1     1     1    1    1   95  1.93689E+15 0.03484 
   96    1    1    1     1     1     1    1    1   96  1.90441E+15 0.03625 
   97    1    1    1     1     1     1    1    1   97  1.81725E+15 0.03984 
   98    1    1    1     1     1     1    1    1   98  1.79715E+15 0.03567 
   99    1    1    1     1     1     1    1    1   99  1.78321E+15 0.04155 
  100    1    1    1     1     1     1    1    1  100  1.58928E+15 0.03548 
  101    1    1    1     1     1     1    1    1  101  1.46575E+15 0.03918 
  102    1    1    1     1     1     1    1    1  102  1.43001E+15 0.04033 
  103    1    1    1     1     1     1    1    1  103  1.44849E+15 0.04318 
  104    1    1    1     1     1     1    1    1  104  1.08722E+15 0.04975 
  105    1    1    1     1     1     1    1    1  105  6.02624E+14 0.06229 
