
DETFLUX_N = [
    1    1    1    1     1     1     1    1    1    1  7.76497E+14 0.04641 
    2    1    1    1     1     1     1    1    1    2  7.96260E+14 0.05345 
    3    1    1    1     1     1     1    1    1    3  8.22541E+14 0.05049 
    4    1    1    1     1     1     1    1    1    4  1.00162E+15 0.05073 
    5    1    1    1     1     1     1    1    1    5  1.12618E+15 0.04272 
    6    1    1    1     1     1     1    1    1    6  1.27002E+15 0.04022 
    7    1    1    1     1     1     1    1    1    7  1.42559E+15 0.03760 
    8    1    1    1     1     1     1    1    1    8  1.66826E+15 0.03449 
    9    1    1    1     1     1     1    1    1    9  1.54828E+15 0.03862 
   10    1    1    1     1     1     1    1    1   10  1.57074E+15 0.03663 
   11    1    1    1     1     1     1    1    1   11  1.74324E+15 0.03589 
   12    1    1    1     1     1     1    1    1   12  1.55605E+15 0.03528 
   13    1    1    1     1     1     1    1    1   13  1.67689E+15 0.03483 
   14    1    1    1     1     1     1    1    1   14  1.76073E+15 0.03880 
   15    1    1    1     1     1     1    1    1   15  1.84390E+15 0.03461 
   16    1    1    1     1     1     1    1    1   16  2.14863E+15 0.03250 
   17    1    1    1     1     1     1    1    1   17  2.17263E+15 0.03377 
   18    1    1    1     1     1     1    1    1   18  2.27742E+15 0.03359 
   19    1    1    1     1     1     1    1    1   19  2.26216E+15 0.03171 
   20    1    1    1     1     1     1    1    1   20  2.13210E+15 0.03362 
   21    1    1    1     1     1     1    1    1   21  2.06660E+15 0.03254 
   22    1    1    1     1     1     1    1    1   22  2.20362E+15 0.03347 
   23    1    1    1     1     1     1    1    1   23  2.22009E+15 0.03194 
   24    1    1    1     1     1     1    1    1   24  2.22256E+15 0.03156 
   25    1    1    1     1     1     1    1    1   25  2.38855E+15 0.03381 
   26    1    1    1     1     1     1    1    1   26  2.72514E+15 0.03022 
   27    1    1    1     1     1     1    1    1   27  2.68487E+15 0.03118 
   28    1    1    1     1     1     1    1    1   28  2.72131E+15 0.02977 
   29    1    1    1     1     1     1    1    1   29  2.65687E+15 0.03177 
   30    1    1    1     1     1     1    1    1   30  2.45046E+15 0.02910 
   31    1    1    1     1     1     1    1    1   31  2.52065E+15 0.02805 
   32    1    1    1     1     1     1    1    1   32  2.59346E+15 0.02953 
   33    1    1    1     1     1     1    1    1   33  2.52995E+15 0.02945 
   34    1    1    1     1     1     1    1    1   34  2.71591E+15 0.03114 
   35    1    1    1     1     1     1    1    1   35  2.73158E+15 0.02785 
   36    1    1    1     1     1     1    1    1   36  2.74691E+15 0.02664 
   37    1    1    1     1     1     1    1    1   37  2.81788E+15 0.02829 
   38    1    1    1     1     1     1    1    1   38  2.77672E+15 0.02976 
   39    1    1    1     1     1     1    1    1   39  2.74705E+15 0.03103 
   40    1    1    1     1     1     1    1    1   40  2.67661E+15 0.02813 
   41    1    1    1     1     1     1    1    1   41  2.62935E+15 0.02978 
   42    1    1    1     1     1     1    1    1   42  2.64343E+15 0.03134 
   43    1    1    1     1     1     1    1    1   43  2.74847E+15 0.02917 
   44    1    1    1     1     1     1    1    1   44  2.92138E+15 0.02704 
   45    1    1    1     1     1     1    1    1   45  3.02592E+15 0.02667 
   46    1    1    1     1     1     1    1    1   46  2.96003E+15 0.02817 
   47    1    1    1     1     1     1    1    1   47  3.01552E+15 0.03244 
   48    1    1    1     1     1     1    1    1   48  3.00098E+15 0.02672 
   49    1    1    1     1     1     1    1    1   49  2.69337E+15 0.03030 
   50    1    1    1     1     1     1    1    1   50  2.91288E+15 0.02661 
   51    1    1    1     1     1     1    1    1   51  2.71492E+15 0.03040 
   52    1    1    1     1     1     1    1    1   52  2.93084E+15 0.02730 
   53    1    1    1     1     1     1    1    1   53  2.89553E+15 0.02840 
   54    1    1    1     1     1     1    1    1   54  3.28242E+15 0.02656 
   55    1    1    1     1     1     1    1    1   55  3.21642E+15 0.02602 
   56    1    1    1     1     1     1    1    1   56  3.17586E+15 0.02546 
   57    1    1    1     1     1     1    1    1   57  3.07148E+15 0.02515 
   58    1    1    1     1     1     1    1    1   58  2.83428E+15 0.02687 
   59    1    1    1     1     1     1    1    1   59  2.96557E+15 0.02697 
   60    1    1    1     1     1     1    1    1   60  2.83635E+15 0.02950 
   61    1    1    1     1     1     1    1    1   61  2.93885E+15 0.02623 
   62    1    1    1     1     1     1    1    1   62  3.10283E+15 0.02678 
   63    1    1    1     1     1     1    1    1   63  3.16570E+15 0.02387 
   64    1    1    1     1     1     1    1    1   64  3.08356E+15 0.03022 
   65    1    1    1     1     1     1    1    1   65  3.18295E+15 0.02549 
   66    1    1    1     1     1     1    1    1   66  3.01281E+15 0.02683 
   67    1    1    1     1     1     1    1    1   67  2.81222E+15 0.02669 
   68    1    1    1     1     1     1    1    1   68  2.70311E+15 0.02781 
   69    1    1    1     1     1     1    1    1   69  2.87987E+15 0.02765 
   70    1    1    1     1     1     1    1    1   70  2.89925E+15 0.02615 
   71    1    1    1     1     1     1    1    1   71  2.89774E+15 0.02813 
   72    1    1    1     1     1     1    1    1   72  3.06821E+15 0.02573 
   73    1    1    1     1     1     1    1    1   73  3.38570E+15 0.02505 
   74    1    1    1     1     1     1    1    1   74  3.28385E+15 0.02628 
   75    1    1    1     1     1     1    1    1   75  3.20527E+15 0.02742 
   76    1    1    1     1     1     1    1    1   76  3.07258E+15 0.02533 
   77    1    1    1     1     1     1    1    1   77  2.89095E+15 0.02728 
   78    1    1    1     1     1     1    1    1   78  2.75304E+15 0.02941 
   79    1    1    1     1     1     1    1    1   79  2.81747E+15 0.02733 
   80    1    1    1     1     1     1    1    1   80  2.68612E+15 0.02919 
   81    1    1    1     1     1     1    1    1   81  2.99890E+15 0.02781 
   82    1    1    1     1     1     1    1    1   82  3.04191E+15 0.03009 
   83    1    1    1     1     1     1    1    1   83  2.99228E+15 0.02773 
   84    1    1    1     1     1     1    1    1   84  2.92716E+15 0.02921 
   85    1    1    1     1     1     1    1    1   85  2.70151E+15 0.02823 
   86    1    1    1     1     1     1    1    1   86  2.44488E+15 0.02960 
   87    1    1    1     1     1     1    1    1   87  2.39451E+15 0.03091 
   88    1    1    1     1     1     1    1    1   88  2.41410E+15 0.03104 
   89    1    1    1     1     1     1    1    1   89  2.36758E+15 0.03101 
   90    1    1    1     1     1     1    1    1   90  2.40643E+15 0.03128 
   91    1    1    1     1     1     1    1    1   91  2.25765E+15 0.03329 
   92    1    1    1     1     1     1    1    1   92  2.29480E+15 0.03298 
   93    1    1    1     1     1     1    1    1   93  2.41947E+15 0.03110 
   94    1    1    1     1     1     1    1    1   94  2.10250E+15 0.03656 
   95    1    1    1     1     1     1    1    1   95  1.90857E+15 0.03574 
   96    1    1    1     1     1     1    1    1   96  1.80415E+15 0.03937 
   97    1    1    1     1     1     1    1    1   97  1.72699E+15 0.03700 
   98    1    1    1     1     1     1    1    1   98  1.62491E+15 0.03629 
   99    1    1    1     1     1     1    1    1   99  1.60551E+15 0.03571 
  100    1    1    1     1     1     1    1    1  100  1.47792E+15 0.03935 
  101    1    1    1     1     1     1    1    1  101  1.71025E+15 0.03901 
  102    1    1    1     1     1     1    1    1  102  1.50244E+15 0.04114 
  103    1    1    1     1     1     1    1    1  103  1.37259E+15 0.04049 
  104    1    1    1     1     1     1    1    1  104  3.86899E+15 0.02674 
  105    1    1    1     1     1     1    1    1  105  5.81656E+15 0.02116 
