
DETFLUX_N = [
    1    1    1    1     1     1     1    1    1    1  8.17795E+14 0.05099 
    2    1    1    1     1     1     1    1    1    2  8.76846E+14 0.04439 
    3    1    1    1     1     1     1    1    1    3  9.46375E+14 0.04657 
    4    1    1    1     1     1     1    1    1    4  1.11870E+15 0.04058 
    5    1    1    1     1     1     1    1    1    5  1.25805E+15 0.04406 
    6    1    1    1     1     1     1    1    1    6  1.27306E+15 0.03720 
    7    1    1    1     1     1     1    1    1    7  1.44717E+15 0.04263 
    8    1    1    1     1     1     1    1    1    8  1.66228E+15 0.03990 
    9    1    1    1     1     1     1    1    1    9  1.56117E+15 0.03832 
   10    1    1    1     1     1     1    1    1   10  1.72475E+15 0.04079 
   11    1    1    1     1     1     1    1    1   11  1.73912E+15 0.03877 
   12    1    1    1     1     1     1    1    1   12  1.64893E+15 0.03818 
   13    1    1    1     1     1     1    1    1   13  1.71008E+15 0.03456 
   14    1    1    1     1     1     1    1    1   14  1.89674E+15 0.03388 
   15    1    1    1     1     1     1    1    1   15  1.96107E+15 0.03371 
   16    1    1    1     1     1     1    1    1   16  2.04208E+15 0.03282 
   17    1    1    1     1     1     1    1    1   17  2.22800E+15 0.03572 
   18    1    1    1     1     1     1    1    1   18  2.29093E+15 0.03177 
   19    1    1    1     1     1     1    1    1   19  2.46435E+15 0.03215 
   20    1    1    1     1     1     1    1    1   20  2.43932E+15 0.03087 
   21    1    1    1     1     1     1    1    1   21  2.19295E+15 0.03155 
   22    1    1    1     1     1     1    1    1   22  2.30729E+15 0.03144 
   23    1    1    1     1     1     1    1    1   23  2.41198E+15 0.03252 
   24    1    1    1     1     1     1    1    1   24  2.26462E+15 0.03239 
   25    1    1    1     1     1     1    1    1   25  2.60821E+15 0.02591 
   26    1    1    1     1     1     1    1    1   26  2.70904E+15 0.03120 
   27    1    1    1     1     1     1    1    1   27  2.96922E+15 0.02750 
   28    1    1    1     1     1     1    1    1   28  3.07965E+15 0.02712 
   29    1    1    1     1     1     1    1    1   29  2.85335E+15 0.02710 
   30    1    1    1     1     1     1    1    1   30  2.67866E+15 0.02876 
   31    1    1    1     1     1     1    1    1   31  2.66360E+15 0.03094 
   32    1    1    1     1     1     1    1    1   32  2.66005E+15 0.02928 
   33    1    1    1     1     1     1    1    1   33  2.59081E+15 0.02911 
   34    1    1    1     1     1     1    1    1   34  2.82712E+15 0.03145 
   35    1    1    1     1     1     1    1    1   35  2.92472E+15 0.02871 
   36    1    1    1     1     1     1    1    1   36  2.88410E+15 0.02958 
   37    1    1    1     1     1     1    1    1   37  2.97118E+15 0.02745 
   38    1    1    1     1     1     1    1    1   38  3.04070E+15 0.02835 
   39    1    1    1     1     1     1    1    1   39  2.82623E+15 0.02967 
   40    1    1    1     1     1     1    1    1   40  2.60737E+15 0.02755 
   41    1    1    1     1     1     1    1    1   41  2.77198E+15 0.02675 
   42    1    1    1     1     1     1    1    1   42  2.87475E+15 0.02632 
   43    1    1    1     1     1     1    1    1   43  2.85667E+15 0.02666 
   44    1    1    1     1     1     1    1    1   44  3.00730E+15 0.02660 
   45    1    1    1     1     1     1    1    1   45  3.22983E+15 0.02545 
   46    1    1    1     1     1     1    1    1   46  3.28552E+15 0.02567 
   47    1    1    1     1     1     1    1    1   47  3.29589E+15 0.02593 
   48    1    1    1     1     1     1    1    1   48  3.25655E+15 0.02566 
   49    1    1    1     1     1     1    1    1   49  2.94240E+15 0.02770 
   50    1    1    1     1     1     1    1    1   50  2.94537E+15 0.03015 
   51    1    1    1     1     1     1    1    1   51  3.09914E+15 0.02844 
   52    1    1    1     1     1     1    1    1   52  2.95241E+15 0.02671 
   53    1    1    1     1     1     1    1    1   53  3.16265E+15 0.02681 
   54    1    1    1     1     1     1    1    1   54  3.30811E+15 0.02889 
   55    1    1    1     1     1     1    1    1   55  3.41775E+15 0.02376 
   56    1    1    1     1     1     1    1    1   56  3.29687E+15 0.02747 
   57    1    1    1     1     1     1    1    1   57  3.12012E+15 0.02536 
   58    1    1    1     1     1     1    1    1   58  2.88007E+15 0.02940 
   59    1    1    1     1     1     1    1    1   59  3.09357E+15 0.02562 
   60    1    1    1     1     1     1    1    1   60  2.87136E+15 0.03102 
   61    1    1    1     1     1     1    1    1   61  2.97716E+15 0.02839 
   62    1    1    1     1     1     1    1    1   62  2.98795E+15 0.03034 
   63    1    1    1     1     1     1    1    1   63  3.28843E+15 0.02508 
   64    1    1    1     1     1     1    1    1   64  3.24774E+15 0.02565 
   65    1    1    1     1     1     1    1    1   65  3.17391E+15 0.02542 
   66    1    1    1     1     1     1    1    1   66  2.99926E+15 0.03016 
   67    1    1    1     1     1     1    1    1   67  2.86365E+15 0.02683 
   68    1    1    1     1     1     1    1    1   68  2.97876E+15 0.02837 
   69    1    1    1     1     1     1    1    1   69  2.99399E+15 0.02655 
   70    1    1    1     1     1     1    1    1   70  2.88175E+15 0.03137 
   71    1    1    1     1     1     1    1    1   71  2.90311E+15 0.02723 
   72    1    1    1     1     1     1    1    1   72  3.23626E+15 0.02859 
   73    1    1    1     1     1     1    1    1   73  3.26694E+15 0.02687 
   74    1    1    1     1     1     1    1    1   74  3.41627E+15 0.02902 
   75    1    1    1     1     1     1    1    1   75  3.19409E+15 0.02783 
   76    1    1    1     1     1     1    1    1   76  2.92719E+15 0.03137 
   77    1    1    1     1     1     1    1    1   77  2.79610E+15 0.02724 
   78    1    1    1     1     1     1    1    1   78  2.78750E+15 0.02713 
   79    1    1    1     1     1     1    1    1   79  2.86151E+15 0.02519 
   80    1    1    1     1     1     1    1    1   80  2.64013E+15 0.02804 
   81    1    1    1     1     1     1    1    1   81  2.80585E+15 0.02965 
   82    1    1    1     1     1     1    1    1   82  2.98802E+15 0.02837 
   83    1    1    1     1     1     1    1    1   83  2.89839E+15 0.02935 
   84    1    1    1     1     1     1    1    1   84  2.93210E+15 0.02599 
   85    1    1    1     1     1     1    1    1   85  2.63503E+15 0.02875 
   86    1    1    1     1     1     1    1    1   86  2.38719E+15 0.02756 
   87    1    1    1     1     1     1    1    1   87  2.36844E+15 0.02978 
   88    1    1    1     1     1     1    1    1   88  2.26931E+15 0.03007 
   89    1    1    1     1     1     1    1    1   89  2.18772E+15 0.03239 
   90    1    1    1     1     1     1    1    1   90  2.17802E+15 0.03056 
   91    1    1    1     1     1     1    1    1   91  2.24686E+15 0.03408 
   92    1    1    1     1     1     1    1    1   92  2.29207E+15 0.03216 
   93    1    1    1     1     1     1    1    1   93  2.30526E+15 0.03357 
   94    1    1    1     1     1     1    1    1   94  1.93052E+15 0.03122 
   95    1    1    1     1     1     1    1    1   95  1.92512E+15 0.03388 
   96    1    1    1     1     1     1    1    1   96  1.73934E+15 0.03841 
   97    1    1    1     1     1     1    1    1   97  1.84633E+15 0.03478 
   98    1    1    1     1     1     1    1    1   98  1.66946E+15 0.03640 
   99    1    1    1     1     1     1    1    1   99  1.65543E+15 0.03639 
  100    1    1    1     1     1     1    1    1  100  1.63760E+15 0.03514 
  101    1    1    1     1     1     1    1    1  101  1.61624E+15 0.03804 
  102    1    1    1     1     1     1    1    1  102  1.47027E+15 0.04049 
  103    1    1    1     1     1     1    1    1  103  1.42262E+15 0.04218 
  104    1    1    1     1     1     1    1    1  104  1.07883E+15 0.04556 
  105    1    1    1     1     1     1    1    1  105  7.58611E+14 0.05332 
