
DETFLUX_N = [
    1    1    1    1     1     1     1    1    1    1  8.04184E+14 0.05126 
    2    1    1    1     1     1     1    1    1    2  8.70528E+14 0.05271 
    3    1    1    1     1     1     1    1    1    3  1.03892E+15 0.04575 
    4    1    1    1     1     1     1    1    1    4  1.07487E+15 0.04058 
    5    1    1    1     1     1     1    1    1    5  1.25247E+15 0.04318 
    6    1    1    1     1     1     1    1    1    6  1.32705E+15 0.04359 
    7    1    1    1     1     1     1    1    1    7  1.56493E+15 0.03964 
    8    1    1    1     1     1     1    1    1    8  1.68091E+15 0.03759 
    9    1    1    1     1     1     1    1    1    9  1.73483E+15 0.03413 
   10    1    1    1     1     1     1    1    1   10  1.72077E+15 0.03820 
   11    1    1    1     1     1     1    1    1   11  1.69688E+15 0.03850 
   12    1    1    1     1     1     1    1    1   12  1.68705E+15 0.03954 
   13    1    1    1     1     1     1    1    1   13  1.79815E+15 0.03770 
   14    1    1    1     1     1     1    1    1   14  1.92392E+15 0.03679 
   15    1    1    1     1     1     1    1    1   15  1.88913E+15 0.03349 
   16    1    1    1     1     1     1    1    1   16  2.04412E+15 0.03703 
   17    1    1    1     1     1     1    1    1   17  2.37069E+15 0.03319 
   18    1    1    1     1     1     1    1    1   18  2.52666E+15 0.02955 
   19    1    1    1     1     1     1    1    1   19  2.19487E+15 0.03231 
   20    1    1    1     1     1     1    1    1   20  2.48080E+15 0.03249 
   21    1    1    1     1     1     1    1    1   21  2.22141E+15 0.03104 
   22    1    1    1     1     1     1    1    1   22  2.26776E+15 0.03331 
   23    1    1    1     1     1     1    1    1   23  2.44995E+15 0.03116 
   24    1    1    1     1     1     1    1    1   24  2.42478E+15 0.02960 
   25    1    1    1     1     1     1    1    1   25  2.62471E+15 0.03102 
   26    1    1    1     1     1     1    1    1   26  2.79132E+15 0.02962 
   27    1    1    1     1     1     1    1    1   27  2.95469E+15 0.02739 
   28    1    1    1     1     1     1    1    1   28  2.76044E+15 0.02833 
   29    1    1    1     1     1     1    1    1   29  2.97864E+15 0.02896 
   30    1    1    1     1     1     1    1    1   30  2.83918E+15 0.02771 
   31    1    1    1     1     1     1    1    1   31  2.74968E+15 0.02817 
   32    1    1    1     1     1     1    1    1   32  2.67575E+15 0.02761 
   33    1    1    1     1     1     1    1    1   33  2.60600E+15 0.03148 
   34    1    1    1     1     1     1    1    1   34  2.73548E+15 0.03028 
   35    1    1    1     1     1     1    1    1   35  2.97843E+15 0.02791 
   36    1    1    1     1     1     1    1    1   36  2.95982E+15 0.02751 
   37    1    1    1     1     1     1    1    1   37  2.98208E+15 0.02778 
   38    1    1    1     1     1     1    1    1   38  2.93760E+15 0.03002 
   39    1    1    1     1     1     1    1    1   39  2.89856E+15 0.02877 
   40    1    1    1     1     1     1    1    1   40  2.74455E+15 0.02923 
   41    1    1    1     1     1     1    1    1   41  2.77618E+15 0.02723 
   42    1    1    1     1     1     1    1    1   42  2.76202E+15 0.02639 
   43    1    1    1     1     1     1    1    1   43  2.86026E+15 0.02776 
   44    1    1    1     1     1     1    1    1   44  3.20686E+15 0.02616 
   45    1    1    1     1     1     1    1    1   45  3.07202E+15 0.02905 
   46    1    1    1     1     1     1    1    1   46  3.14700E+15 0.02750 
   47    1    1    1     1     1     1    1    1   47  3.24265E+15 0.02655 
   48    1    1    1     1     1     1    1    1   48  3.11509E+15 0.02600 
   49    1    1    1     1     1     1    1    1   49  3.08452E+15 0.02749 
   50    1    1    1     1     1     1    1    1   50  2.88383E+15 0.02724 
   51    1    1    1     1     1     1    1    1   51  2.96804E+15 0.02984 
   52    1    1    1     1     1     1    1    1   52  2.94821E+15 0.03180 
   53    1    1    1     1     1     1    1    1   53  3.16937E+15 0.02761 
   54    1    1    1     1     1     1    1    1   54  3.36915E+15 0.02627 
   55    1    1    1     1     1     1    1    1   55  3.24173E+15 0.02622 
   56    1    1    1     1     1     1    1    1   56  3.28324E+15 0.02652 
   57    1    1    1     1     1     1    1    1   57  3.30828E+15 0.02465 
   58    1    1    1     1     1     1    1    1   58  2.96959E+15 0.02866 
   59    1    1    1     1     1     1    1    1   59  3.00913E+15 0.02632 
   60    1    1    1     1     1     1    1    1   60  2.83575E+15 0.02851 
   61    1    1    1     1     1     1    1    1   61  2.96877E+15 0.02606 
   62    1    1    1     1     1     1    1    1   62  3.15859E+15 0.02900 
   63    1    1    1     1     1     1    1    1   63  3.23125E+15 0.02610 
   64    1    1    1     1     1     1    1    1   64  3.22643E+15 0.02890 
   65    1    1    1     1     1     1    1    1   65  3.26968E+15 0.02471 
   66    1    1    1     1     1     1    1    1   66  2.97964E+15 0.02745 
   67    1    1    1     1     1     1    1    1   67  2.91108E+15 0.02750 
   68    1    1    1     1     1     1    1    1   68  3.02881E+15 0.02858 
   69    1    1    1     1     1     1    1    1   69  2.90330E+15 0.02772 
   70    1    1    1     1     1     1    1    1   70  3.19034E+15 0.02843 
   71    1    1    1     1     1     1    1    1   71  3.01039E+15 0.02846 
   72    1    1    1     1     1     1    1    1   72  3.24467E+15 0.02725 
   73    1    1    1     1     1     1    1    1   73  3.27029E+15 0.02666 
   74    1    1    1     1     1     1    1    1   74  3.24964E+15 0.02759 
   75    1    1    1     1     1     1    1    1   75  3.41651E+15 0.02746 
   76    1    1    1     1     1     1    1    1   76  3.06785E+15 0.02764 
   77    1    1    1     1     1     1    1    1   77  2.85612E+15 0.02736 
   78    1    1    1     1     1     1    1    1   78  2.89701E+15 0.02954 
   79    1    1    1     1     1     1    1    1   79  2.93674E+15 0.02806 
   80    1    1    1     1     1     1    1    1   80  2.69753E+15 0.02765 
   81    1    1    1     1     1     1    1    1   81  2.94926E+15 0.02978 
   82    1    1    1     1     1     1    1    1   82  2.91234E+15 0.02692 
   83    1    1    1     1     1     1    1    1   83  2.93425E+15 0.02755 
   84    1    1    1     1     1     1    1    1   84  2.93337E+15 0.02979 
   85    1    1    1     1     1     1    1    1   85  2.58417E+15 0.02933 
   86    1    1    1     1     1     1    1    1   86  2.44028E+15 0.02920 
   87    1    1    1     1     1     1    1    1   87  2.39414E+15 0.02922 
   88    1    1    1     1     1     1    1    1   88  2.41459E+15 0.02714 
   89    1    1    1     1     1     1    1    1   89  2.21185E+15 0.03110 
   90    1    1    1     1     1     1    1    1   90  2.46372E+15 0.03259 
   91    1    1    1     1     1     1    1    1   91  2.32479E+15 0.03329 
   92    1    1    1     1     1     1    1    1   92  2.35875E+15 0.03198 
   93    1    1    1     1     1     1    1    1   93  2.18423E+15 0.03682 
   94    1    1    1     1     1     1    1    1   94  2.04915E+15 0.03359 
   95    1    1    1     1     1     1    1    1   95  1.89403E+15 0.03570 
   96    1    1    1     1     1     1    1    1   96  1.84605E+15 0.03190 
   97    1    1    1     1     1     1    1    1   97  1.74555E+15 0.03486 
   98    1    1    1     1     1     1    1    1   98  1.71987E+15 0.03311 
   99    1    1    1     1     1     1    1    1   99  1.58611E+15 0.04118 
  100    1    1    1     1     1     1    1    1  100  1.53097E+15 0.03902 
  101    1    1    1     1     1     1    1    1  101  1.43819E+15 0.04183 
  102    1    1    1     1     1     1    1    1  102  1.38643E+15 0.04007 
  103    1    1    1     1     1     1    1    1  103  1.41019E+15 0.04452 
  104    1    1    1     1     1     1    1    1  104  1.05890E+15 0.04488 
  105    1    1    1     1     1     1    1    1  105  5.74916E+14 0.06022 
